2892
2272
300
373
875
2456
616
990
541
43
1008
183
2283
2506
2066
1879
1665
1748
1690
2312
2038
1324
2062
1937
2113
2778
1943
688
2601
2917
1678
1053
345
2794
2761
1617
1071
2694
497
1709
1808
2143
2449
871
2497
337
1061
584
2572
261
2389
521
1341
1484
1188
1419
1616
505
801
373
1490
412
689
1064
2584
2890
1871
2519
2559
1962
2514
2514
825
131
1857
2714
1073
1793
733
775
419
174
1747
1732
243
2397
1237
2172
2392
177
427
2766
2037
2004
1011
1700
788
2116
123
1130
159
1528
351
889
845
1097
2203
1683
196
787
1950
1177
2881
691
129
2111
1986
1698
411
929
2724
2983
2530
2568
1502
1242
2648
2077
2353
2589
2056
662
586
317
2771
894
2102
1366
492
1686
1553
1702
380
2529
938
95
866
670
1815
456
539
366
2416
2629
2273
1909
2195
362
348
2294
284
375
2050
55
2254
1693
844
124
2218
79
1118
2671
2290
484
1362
917
1571
992
259
707
1813
434
1449
239
609
2552
597
1412
926
71
322
2909
1823
743
942
1042
2468
2475
1508
72
300
1718
2320
1739
1668
89
758
1007
2086
1369
2071
1548
2761
965
2824
1608
209
1349
1017
1694
1611
2398
1968
1820
1464
2922
623
2770
1003
2660
1480
1782
2096
2849
899
1453
2002
434
762
2452
2425
2030
50
2804
1623
1620
846
1196
1286
86
1321
2816
360
1202
352
48
1713
1290
282
403
541
371
2781
2146
1498
2218
2341
2569
881
1330
163
2680
39
2315
1705
176
122
252
958
432
2666
2545
618
1119
926
2696
815
1404
2592
213
994
394
2070
1165
909
2479
1222
351
2074
92
1493
230
2102
2310
2804
2836
2271
1890
583
17
1419
2496
2739
265
1095
1286
716
2923
337
758
1664
653
475
2674
1932
565
165
811
2065
282
189
2560
2410
2066
2437
316
2452
2853
1713
1216
1578
1174
395
232
1924
2945
797
2330
1164
2304
1314
1488
1430
2543
242
2167
2329
1952
25
152
2573
1489
722
1371
2483
2897
1805
2396
2739
1666
2970
1022
414
1335
2768
2363
2050
895
2279
2334
2947
786
750
183
2028
1176
2058
2037
738
2737
1788
2947
1888
1831
2910
2513
716
2079
2338
43
2134
1887
1350
2518
1968
801
1440
94
1231
2813
2745
2358
869
414
913
2455
1303
2699
1608
33
1074
2133
396
335
1165
2055
484
1444
1379
2873
1424
2692
1591
136
706
1422
2948
2384
2461
2733
2065
2457
1136
326
2405
855
2647
1251
108
283
751
1734
2870
1559
572
354
408
487
1889
1338
1738
1515
1722
2101
1796
1673
2753
521
1725
1855
2948
2036
1730
2822
1159
2962
2856
234
2668
217
2982
806
2355
192
1097
1756
2783
1358
2533
2978
112
575
2669
2152
742
2344
80
398
1992
1420
728
419
129
999
352
1136
387
1599
929
2682
2643
603
2537
1438
417
2068
1057
1720
2955
2808
489
2228
861
1373
850
2229
38
2674
1143
1323
1954
1409
865
1271
816
1017
2566
666
719
2552
1989
1548
2314
2894
2625
2809
237
916
2616
1398
2386
2204
1422
2185
2117
906
987
565
1904
127
1709
1340
2108
1982
1747
2592
1477
719
992
2762
2784
1962
144
1620
507
726
1043
1370
1049
2271
1458
562
201
269
386
348
2195
2489
2396
2885
1326
1987
1151
294
88
934
651
1457
1563
293
1435
2931
1240
2847
942
1653
1380
646
2537
2445
1827
1870
629
2497
1301
2528
1144
2619
2443
1142
1211
448
2510
2409
1215
699
1829
534
981
1239
1552
1247
2113
153
1782
1333
2962
1619
311
2411
537
2965
2199
1039
2899
991
2952
1057
276
641
842
2638
2410
2427
2946
1550
2091
1768
236
2801
60
1333
534
1960
2272
176
35
976
2201
1851
1673
2993
2237
2648
1464
453
2320
1071
1831
644
1626
1634
180
1028
1413
273
2047
150
1686
785
2899
2147
189
2912
2523
318
2042
636
2646
834
2462
73
550
660
2115
1617
1730
1220
1953
2581
1757
1997
751
2186
1147
1492
2498
2055
2753
1325
764
2731
2398
2368
2916
2467
2361
2187
2221
1921
536
721
6
808
2330
2472
742
4
1570
592
2186
38
1472
2359
1653
1125
462
962
2195
1969
2572
1222
721
16
1640
2053
1332
675
1181
1684
2188
563
2535
1896
1573
85
2713
256
1675
1293
131
2582
2711
2310
755
2064
2282
1351
214
1347
1740
1818
1243
311
1218
6
861
453
2882
2940
2692
820
204
614
182
571
2182
1219
2422
2778
1756
864
2545
1321
667
648
1050
2546
1905
100
1417
2602
42
2078
1724
1754
321
1111
298
900
2193
1721
544
1993
1903
2254
842
2471
2663
2543
335
1960
2383
705
2793
2621
2979
1897
2376
1649
542
816
1539
2107
161
818
610
1124
1396
617
1410
1854
2071
2598
182
1205
1707
2735
1870
15
897
2100
479
246
2534
2788
679
1335
803
1924
579
1747
2445
1103
2190
2299
2845
666
2064
2568
2741
2966
834
1736
565
192
2825
893
1186
501
1511
1967
1803
1455
1337
2202
1119
557
2445
98
1926
1654
1141
1738
522
693
2609
253
2985
873
356
4
1034
652
1757
741
2210
451
287
1612
530
348
1663
1356
2967
2819
971
2118
141
784
2914
2042
1281
1082
875
2572
2753
2439
653
1229
2778
2187
728
2242
1687
2157
743
2498
1512
922
571
2736
486
2169
2381
2040
2537
2309
1199
2399
773
1889
2255
1484
759
1301
1361
2994
903
319
2360
1647
2748
2301
937
735
486
1095
981
1945
132
802
2193
179
1050
2918
771
2074
2903
2616
954
1657
2193
516
586
466
2973
395
1187
2827
2039
2474
2662
600
642
2331
883
479
1452
1044
258
1816
1617
726
2100
562
1467
2280
2797
1299
1675
825
2288
880
206
93
2846
858
839
695
885
2466
589
308
602
35
321
1760
795
2365
2086
1162
786
1226
2413
410
1017
1865
2787
2147
1375
2984
1226
1812
1141
2423
1697
1776
960
2544
1808
21
795
1442
1389
154
1944
2068
2924
361
1210
1046
887
2212
458
332
2073
1020
2517
2516
2040
1852
1422
1918
1119
436
1693
963
733
545
2467
646
646
466
2441
792
2491
822
2645
2376
1144
1097
167
1303
506
1069
1358
2688
1628
1157
2978
270
957
2213
790
961
95
1149
2604
624
2806
221
1844
1370
1130
1514
2299
2368
1259
13
828
1361
609
429
1885
1569
1414
875
1649
2972
864
1996
2629
1173
2606
2340
2969
2579
541
2676
486
770
1904
2390
238
1927
251
1872
204
493
2762
444
2145
814
1483
1472
1656
915
2300
2785
663
1868
1578
26
418
1011
2991
131
165
1674
95
533
726
1269
591
1905
2301
1618
2803
2768
2802
381
1155
2813
2657
872
121
447
2531
1936
2817
667
2532
146
2861
950
2725
2612
556
1055
2246
1201
1799
2435
1082
1476
1456
939
1790
998
1463
15
1207
2242
2530
2918
2319
485
887
2333
1860
395
1074
2917
557
1380
70
1594
738
1062
138
1517
767
1732
97
2787
84
2636
269
2254
740
2903
2634
649
1432
2457
2587
2249
1640
2400
1251
2223
2381
2377
329
1459
2118
2493
1
394
2781
331
395
791
60
2704
1611
1112
1866
2945
2572
39
636
2617
2233
1521
2545
677
2770
1908
367
2069
463
1009
1116
2942
1804
2456
2730
2482
2505
2539
361
1368
2341
2371
1210
8
1815
1271
2574
2551
152
419
2449
2488
8
2172
2887
1396
2931
2593
2441
1032
576
2454
1403
1293
2814
2970
829
549
795
2857
1708
2897
2771
1708
684
1624
1265
803
2837
2105
1117
4
2151
2985
2274
117
2908
2912
515
2206
1992
2606
1209
1210
2903
395
1299
2676
2275
2188
243
1311
80
1898
1721
1125
2207
596
2782
2521
411
2436
2399
128
915
2311
892
2249
2884
2486
1564
2878
2259
306
2375
1442
636
1805
1808
2474
2418
1435
628
2409
1627
1518
1011
2132
1638
289
2122
1228
412
756
2963
2041
897
2463
1530
1003
2549
1762
844
1316
1411
2393
1574
98
2222
2597
1927
1456
1819
364
771
2756
903
1187
1629
2843
1333
858
1257
985
788
1765
35
1813
2483
2675
2239
1048
2834
2432
2542
2526
543
2557
1
269
2089
2159
2582
523
2364
1229
2260
812
2697
339
1036
1568
681
2371
2790
443
135
235
2397
62
183
1777
1728
148
2999
2187
2678
2543
456
1916
2509
1016
8
1193
1607
1357
2264
2665
82
964
517
2866
955
1094
598
721
150
1487
1400
2121
2340
282
441
1693
2761
265
1815
2600
2912
1250
484
1665
1438
870
1305
1405
2712
235
908
1541
1834
2049
2271
774
2014
433
2366
2830
2748
944
1765
2876
332
996
2628
625
2029
2478
1024
531
2833
2397
1646
1169
2199
1971
2095
2176
660
1713
683
99
128
2774
2723
33
2001
1380
679
1137
2214
491
1872
2344
1577
1727
2316
1507
1969
1957
2068
1888
163
2211
1779
2526
789
549
2789
1622
24
1739
2921
1113
2503
2352
2789
1632
560
1477
2613
2291
405
2796
703
2617
183
1065
430
238
1641
466
2288
1251
1044
2456
822
815
1644
605
800
1514
2382
1589
1003
202
964
738
2961
2951
967
1783
379
1210
2152
2390
1868
1715
2267
221
2029
2262
2312
1634
96
1679
1175
2736
724
1269
1015
1066
1989
1770
276
1988
2876
1459
2723
969
2810
2682
2106
702
733
1217
1305
725
1660
1633
1551
2222
1565
216
2699
1681
1905
2681
1200
295
1040
1325
2563
846
366
216
1012
346
257
423
31
2456
2326
837
2006
2270
2327
2476
1925
2887
1932
1808
1497
546
2067
391
1502
2626
93
1181
731
657
2910
2956
1300
2085
1600
449
2876
484
77
1642
701
2548
2087
187
1278
1307
2719
1407
1191
1613
2262
2356
2980
252
2074
1975
1764
2602
24
2479
485
2577
2731
1678
805
588
1719
2377
135
2175
2613
2360
529
2120
1219
1905
1174
161
262
559
36
1221
1775
320
204
872
463
2517
122
348
808
1674
1944
1261
554
1629
2147
1790
2023
1571
1505
2813
916
2494
1406
897
1068
1763
1546
1428
962
351
2152
763
1426
2050
1461
490
2541
2052
819
1700
48
323
138
113
2776
255
1722
1344
732
1828
471
2027
334
2439
817
1210
831
1516
1366
1912
614
1628
1015
322
2701
340
68
758
89
2568
1020
1784
1748
614
1998
695
1256
2423
1741
1990
897
1241
2299
2542
2520
519
1949
432
848
1274
559
1913
2607
840
1156
2031
1667
1595
2963
1344
1206
1021
537
1673
2151
2479
1128
1764
1782
73
2105
2987
2812
1363
1507
1088
1933
2618
319
1031
2435
1399
687
1107
256
1873
1875
2797
1663
2403
320
2892
2864
448
1206
934
2030
2058
1100
1380
2855
546
2810
1131
2976
2601
2242
631
1537
933
1771
466
2148
216
2196
234
94
1610
2666
2401
2479
239
926
134
2508
2628
1566
104
1670
2970
1326
2627
2630
2268
2739
2627
688
93
2708
1525
2177
2483
45
118
2527
729
673
1714
859
792
723
2430
2509
884
465
90
525
1381
2006
2526
945
532
1642
1413
1016
1814
2457
2415
2185
1653
637
1104
2665
2041
2496
1830
1031
253
2258
1440
38
966
2763
2401
167
1911
1093
2900
839
2231
2209
170
2396
1372
2117
2582
2040
2681
2159
130
1528
667
25
2730
2491
945
17
1598
2346
713
1723
2958
1281
432
2445
478
1567
2881
1151
152
1655
1055
2197
2232
691
2750
2682
2403
1666
211
2202
985
2087
2459
2916
2393
1494
153
2235
2283
2170
2906
2992
1833
2248
1706
526
207
466
89
2297
1306
2505
2520
243
69
1194
2517
989
1830
235
1927
2326
519
139
1043
2987
1360
1603
340
2971
2297
1253
257
2502
1045
631
313
2786
2803
1364
1482
2473
2982
2336
2790
930
1556
2165
1246
2978
628
2646
897
2399
328
1296
845
1233
426
1680
1847
2325
2075
2037
1021
1775
2215
2483
2928
2980
2420
1785
2647
466
273
2592
1614
2772
2666
1120
1294
1669
2322
2224
1453
968
2370
618
1182
1218
2581
769
12
2965
990
1663
368
2953
865
192
1443
2513
2646
445
117
1136
213
293
211
2334
2523
2414
1566
2890
2466
2972
2888
1686
2478
524
1538
2258
1148
1152
2241
2158
413
2879
696
2295
1624
944
1958
2949
2454
411
2248
823
2815
572
1361
515
1746
453
341
1950
1881
103
1437
2372
931
2076
2405
221
1403
2540
2698
540
2149
305
2647
2117
241
1713
710
1371
2824
2153
1011
2003
1019
1025
236
2728
500
1007
485
4
20
1419
1241
2175
2347
181
1874
1431
2782
1510
2545
1685
1906
2257
401
2168
1758
2207
1854
1992
495
2521
307
1776
1150
294
729
2545
2420
2106
2971
832
1293
1511
1422
203
506
170
495
965
2744
2572
1412
2811
1079
1627
1868
1674
749
1397
1074
71
784
2681
1653
2899
2106
530
2579
2289
950
2608
1555
2494
1722
1556
962
251
1749
2824
1174
1050
2879
58
2102
483
152
1379
546
945
2296
1479
2399
270
950
2563
1218
1647
1244
1590
2350
341
856
1774
2985
2042
1061
297
2281
1173
639
188
939
1785
1182
1106
2772
1208
722
581
1944
583
1501
2482
136
1663
1630
28
2473
688
1345
2200
855
1793
435
928
2673
2872
2492
1503
669
1818
2509
352
2620
2336
1409
83
1816
2375
416
1868
426
2202
30
1825
1073
950
635
2497
1893
26
1563
1316
961
761
974
2466
2822
541
25
1964
1028
2033
2323
217
211
906
2956
2358
2760
684
679
1150
740
2157
1489
585
502
1512
2650
228
145
1841
2344
85
368
2104
1946
16
685
1939
50
1435
1913
572
1068
979
2517
596
219
2009
1672
2674
395
2629
2849
1077
1129
2189
1340
769
1406
242
2050
625
2090
1727
1064
858
2294
534
2146
1216
1130
1401
16
720
1412
2650
478
816
1130
2176
2466
286
1839
366
743
1820
1489
874
1534
1741
1756
1071
1436
2399
2855
1951
2638
1797
2971
2792
2432
1943
1068
225
1478
480
1353
2490
2234
220
2765
446
1684
1628
2304
1030
1728
119
1383
1738
1976
447
463
798
642
2574
2842
1288
85
739
1104
26
2933
1324
2622
2152
1222
2465
2956
527
61
907
1832
1551
1673
831
1569
311
2520
707
1286
1284
535
324
2300
1157
2570
2953
222
2670
1657
2120
63
2511
235
1059
603
121
1772
1471
1267
1748
1690
313
2639
2328
1190
1540
878
2646
117
1771
594
1121
590
1071
1566
2927
318
1678
2121
574
2671
258
1428
2245
2119
897
111
2784
2204
2877
138
1919
2318
2378
1887
452
1533
1711
1525
2895
2161
307
342
1055
1265
1814
1394
911
2371
249
2205
1811
2
386
724
2366
757
136
605
1802
1003
200
2036
1474
2829
1578
2178
327
1028
1691
1287
1621
634
2335
808
986
1828
1098
404
1627
668
604
504
666
670
231
131
1223
2864
1766
1067
1170
980
1820
78
43
2226
1405
2525
2510
2926
93
19
2798
1498
1771
1907
1589
2068
1858
2679
1045
1743
228
1717
1902
503
2515
452
236
2078
182
2404
1644
44
1156
1219
2284
467
1656
812
1228
2656
225
250
2941
21
1220
2011
2708
1316
1208
2687
1106
2870
254
2272
763
1202
1427
707
457
1729
2444
412
2733
1509
1669
2600
1874
2498
1814
2900
30
1197
90
891
2725
2889
197
1860
1396
856
1801
1986
46
1990
2757
1060
438
2946
1251
93
1762
1566
2044
1927
1249
1781
2603
1176
289
1460
242
447
1807
97
357
1832
852
1096
2849
2298
736
389
1128
1401
2085
2051
1829
1567
459
459
2246
2454
2907
1168
2267
1713
1611
1279
369
2912
1085
685
826
1266
204
912
2597
1813
2812
751
350
1641
2780
709
1674
2578
227
1121
2306
1492
1028
505
881
177
512
1533
2131
358
1175
864
2212
2612
498
912
2362
2450
2735
2343
2384
2439
2370
786
1375
93
437
2559
1315
2665
828
2163
680
2007
1583
657
2832
1899
2853
1127
506
18
2313
322
1511
199
2076
2306
508
1025
2183
1257
527
1393
354
2276
1073
2922
78
2332
2623
2585
276
990
1796
2044
2576
622
222
1687
1285
1931
747
2889
2702
1763
2776
1213
463
1871
1789
2444
2638
2722
2657
1680
1288
491
2710
1740
1084
370
305
2807
2734
1822
544
551
2194
2364
984
330
774
1301
690
2343
2826
791
1569
123
494
1595
2338
2728
880
1614
232
2488
2152
1137
1996
1303
1698
2235
70
2822
240
1135
2698
2500
897
1672
2513
2159
1162
888
2395
1848
688
2864
1422
2021
1391
2122
1614
1071
1761
1122
1473
2892
1334
467
765
951
117
2742
1513
2755
1437
5
1925
1807
2
2573
1038
811
2087
1722
2130
2736
388
628
2444
1190
1444
799
2941
239
214
2305
1208
1832
950
2621
655
1624
888
2316
1671
2345
1848
2387
2109
2044
2080
2551
2987
1745
2927
1525
1699
2628
498
2182
447
1242
266
1888
1187
1067
267
536
2928
874
764
2250
